3 1 2 0 4 5 6 7       #0-7    Raven 0 
0 1 2 3 6 5 4 7       #8-15   Raven 0
3 0 2 1 4 5 6 7       #16-23  Raven 1
0 1 2 3 6 5 4 7       #24-31  Raven 1
0 1 2 3 4 5 6 7       #32-39  Raven 2
0 2 1 3 6 5 4 7       #40-47  Raven 2
0 1 2 3 4 5 6 7       #48-55  Raven 3
0 1 2 3 6 5 4 7       #56-63  Raven 3
3 1 2 0 4 5 6 7       #64-71  Raven 4
0 1 3 2 6 5 4 7       #72-79  Raven 4
0 1 2 3 6 5 4 7       #80-87  Raven 5
0 1 2 3 6 5 4 7       #88-95  Raven 5
0 1 2 3 4 5 6 7       #96-103 Raven 6
1 3 0 2 6 5 4 7       #104-111  Raven 6
0 1 2 3 4 5 6 7       #112-119  Raven 7
0 1 2 3 6 5 4 7       #120-127  Raven 7
